86
184.5 66.5
215.5 77.5
229.5 88.5
247.5 103.5
262.5 110.5
282.5 126.5
306.5 141.5
327.5 148.5
348.5 161.5
365.5 170.5
386.5 187.5
392.5 184.5
409.5 201.5
430.5 218.5
446.5 235.5
463.5 251.5
473.5 273.5
495.5 294.5
503.5 316.5
500.5 337.5
507.5 349.5
523.5 346.5
543.5 356.5
552.5 377.5
552.5 405.5
546.5 436.5
522.5 474.5
511.5 478.5
496.5 487.5
463.5 505.5
430.5 523.5
411.5 537.5
400.5 534.5
400.5 524.5
346.5 536.5
303.5 544.5
297.5 532.5
368.5 504.5
343.5 506.5
375.5 491.5
395.5 469.5
416.5 454.5
438.5 451.5
409.5 446.5
382.5 469.5
346.5 472.5
308.5 471.5
304.5 474.5
306.5 488.5
273.5 526.5
274.5 529.5
241.5 536.5
188.5 543.5
150.5 558.5
131.5 563.5
155.5 532.5
181.5 522.5
127.5 516.5
131.5 505.5
210.5 500.5
206.5 481.5
224.5 486.5
241.5 420.5
222.5 385.5
197.5 320.5
156.5 381.5
211.5 392.5
213.5 405.5
152.5 417.5
167.5 430.5
120.5 423.5
77.5 439.5
61.5 439.5
88.5 412.5
40.5 401.5
102.5 386.5
131.5 312.5
159.5 272.5
144.5 242.5
146.5 229.5
87.5 133.5
84.5 105.5
117.5 67.5
139.5 66.5
163.5 52.5
184.5 66.5
